ph,Potability
9.999807460393495,0
9.969273220889765,0
9.961503136754187,0
9.96124770904986,1
9.960689857533172,1
9.953952111556116,0
9.927023723224528,0
9.925041328429108,0
9.920691058768153,0
9.919478425557038,0
9.91871706385417,0
9.91709205694149,1
9.913703796778616,0
9.901930594363924,0
9.900814840038255,1
9.895889212950532,0
9.894562128568642,0
9.888941401311577,1
9.879071257570804,0
9.87179123237563,0
9.869231934989052,1
9.868877880662472,0
9.864727092099823,0
9.850054687400437,1
9.842056293598297,0
9.836030547126414,0
9.831401690527045,0
9.82548990813439,0
9.824706476038184,0
9.814247468572585,0
9.809996386872033,0
9.808258178934235,1
9.80272078232571,1
9.794717848521511,1
9.79455869937693,1
9.792727768555453,1
9.778181812741442,1
9.77693205003625,1
9.76925100608684,0
9.764658133573889,0
9.759937780953084,0
9.75657762790083,0
9.752703226519841,1
9.73956194896991,1
9.735889387811044,0
9.734619707554277,0
9.723377230792792,1
9.68726002786018,0
9.680474778470561,0
9.678050853902558,0
9.671796765490882,0
9.663653196397622,1
9.6631590150059,0
9.658661976447796,0
9.652562935021928,0
9.638222268227196,1
9.630665479903348,0
9.62472688627138,1
9.62210598702481,1
9.619456625659465,0
9.616095703448057,1
9.612898964310972,1
9.61022034489963,0
9.609834364508853,1
9.608533593881912,0
9.606858896121903,0
9.597191856878178,1
9.58789502997377,0
9.58118852272883,0
9.57822672035757,0
9.567822726280445,1
9.564853066461303,0
9.562405943789521,0
9.545270521249014,1
9.540252240007296,1
9.537878628968349,0
9.534021716164197,0
9.519659984470318,0
9.515140615244428,0
9.51462662210288,1
9.504157787679786,0
9.502856746233924,0
9.497261162881253,0
9.495456381941786,1
9.49455872615755,0
9.494242648038439,1
9.489972878325855,0
9.48960096649994,1
9.485832873402854,1
9.484703254003291,1
9.475316259695344,0
9.467129030386197,0
9.46266601699853,0
9.459930509926663,0
9.454119448104636,1
9.445129837868656,1
9.443358884146125,1
9.436637164251444,0
9.434005874654105,1
9.41951031641321,1
9.418296121790158,0
9.406325752898285,0
9.405875050804863,0
9.396148399484137,0
9.39584220217389,0
9.393891652231943,0
9.393148441549062,1
9.380658050788323,0
9.380007092014502,0
9.370696575357567,1
9.352719752960567,1
9.349469962360622,0
9.347344621102474,0
9.341091803370398,0
9.338235018430641,0
9.323583858284508,0
9.32030544529501,0
9.319176393077573,0
9.318613915632229,1
9.314522391908303,0
9.313465892899945,0
9.30566048031861,1
9.302441187910585,0
9.298018008096014,0
9.293621613337674,1
9.286155021432371,0
9.281302611348124,0
9.271668544453812,0
9.271578532993324,1
9.271355446767778,1
9.268281894641783,0
9.267187530763547,0
9.266840595087142,0
9.264390908634619,0
9.252893397357361,1
9.252856508985339,0
9.25049163907809,0
9.24141997355796,1
9.241338766959908,1
9.241197563363231,0
9.239440361060407,1
9.228581629853338,0
9.228484208847256,0
9.221955642445518,1
9.186453377063309,1
9.185417502207793,1
9.181560007151536,0
9.177869865892433,0
9.175586152587865,1
9.1726245193336,0
9.166758132730486,1
9.161088612884837,1
9.160997540099475,1
9.159660476654182,1
9.158445163262003,1
9.152284708947711,0
9.14973392673672,0
9.149126710275947,0
9.147197055336921,0
9.146557555894002,1
9.13569425989131,0
9.135451943607052,0
9.130828108445352,0
9.130795898902559,0
9.130768886836288,1
9.130607243837645,0
9.128357757690482,0
9.112786250314787,0
9.107330383461761,1
9.106916914695542,0
9.097617417474694,1
9.092223456290965,0
9.089421098422099,1
9.085637101693884,0
9.079715109457624,1
9.076317993707086,0
9.074922874454952,0
9.066628053764038,0
9.065894193686976,0
9.062822324592787,1
9.058628424072683,1
9.056244707341865,0
9.055825784677507,0
9.052383689790659,1
9.049166054297842,0
9.045720545334614,0
9.043095631701522,0
9.04258286604996,0
9.038326068974225,1
9.036504347749759,0
9.032660579144682,1
9.032563450772717,0
9.026787719511633,0
9.024845037417503,1
9.014356734321137,1
9.01210031314688,0
9.011588753600263,0
9.011480407411014,0
9.00846433449955,1
9.004680613392885,1
9.004352169514855,0
9.002583109651113,0
9.001822865226588,1
8.999498939207154,0
8.998375022679106,0
8.990317233704655,0
8.989900090557086,1
8.983811794161655,0
8.97932285265221,0
8.978997744647556,0
8.977821883109304,1
8.975464347533963,0
8.969697389596341,0
8.96724410982202,1
8.966835972567804,0
8.951652135487269,1
8.942045991487,1
8.937802407855287,0
8.935115926023162,0
8.933877610085764,0
8.928142080209764,1
8.92790592593881,0
8.927078148301744,0
8.926113143092786,0
8.92398060773871,1
8.922409558967978,0
8.922379799883824,1
8.907987117561257,1
8.90373377508948,0
8.90086469660199,1
8.89958837829117,0
8.896418988301798,0
8.895574457925981,0
8.892998479215112,1
8.891674050856766,0
8.88697933200267,0
8.885626344053186,0
8.88493450304863,0
8.882684452292407,1
8.875642278454443,0
8.870278259927936,0
8.862867931189149,0
8.862112709633287,1
8.861701556503956,0
8.860450853927205,1
8.860324241725671,0
8.859696040242188,0
8.858401531200467,0
8.854119540039433,0
8.849702725492898,0
8.848927372187074,1
8.848586282929045,1
8.848103019208414,0
8.847880710565029,0
8.84628195691071,0
8.842463655897197,1
8.839583902216155,0
8.837786915479438,1
8.83264111562239,1
8.832142260904973,1
8.829806178150646,0
8.828326657522403,0
8.82809437489545,0
8.822610383759214,0
8.817402774388958,0
8.81535795265852,0
8.813504659624094,1
8.81147224773704,0
8.809296431775966,0
8.805177745264922,0
8.801933555312004,0
8.80184604561893,1
8.790851188948057,0
8.787667940586466,1
8.783596632026194,1
8.783167623905637,0
8.775485733684196,1
8.77504747012084,0
8.769676021676739,0
8.764495619256667,1
8.76176840475976,0
8.759488714536651,0
8.758824521484824,0
8.75856005645011,0
8.757257397440991,0
8.757110512347623,1
8.756926859235552,1
8.74727152353787,0
8.746985976471965,0
8.743958544661181,1
8.742229881827978,0
8.736371210915214,1
8.73612638374922,0
8.733525329569868,1
8.727778876323073,0
8.725393412154087,0
8.722311224490616,0
8.722143776841188,1
8.721726710620581,0
8.719764331543185,0
8.71924020683575,1
8.716820333772386,1
8.713482927093239,1
8.697122159630041,0
8.693149900569036,1
8.693104326309328,0
8.692115322047213,0
8.692092012708041,0
8.684778671525315,1
8.679934969964185,0
8.675192691679182,0
8.66569208287077,0
8.663974819761108,0
8.662709501389225,0
8.661592429959121,0
8.659113026830287,1
8.655298873146698,1
8.654792650142806,0
8.651389726569342,0
8.651023362891474,1
8.649868625073694,0
8.64953494696306,0
8.647454007366981,0
8.646642950300487,1
8.64163407535188,0
8.640886408909486,0
8.639540977998708,0
8.635848718500734,0
8.631270000435086,0
8.628893415492303,1
8.628301074066663,1
8.618653849249895,0
8.616824426419665,0
8.613698594883758,0
8.610963031730751,1
8.605374455470146,0
8.596767212344783,1
8.596391179552715,1
8.594677108362674,0
8.594416135206476,0
8.594217251084952,1
8.592417714156252,1
8.589202343654149,1
8.581428693706043,1
8.581042820709179,1
8.580008559294866,0
8.57673992840484,0
8.5759391744694,0
8.575673021827997,0
8.57012912066282,0
8.567043820038332,0
8.561218924457805,0
8.560349290980842,1
8.558663124002488,0
8.558388775285017,0
8.555283422607033,0
8.554096969890676,0
8.552993664768604,0
8.552782415873253,0
8.55107774771961,0
8.550875469289338,0
8.550525459441477,0
8.550427814830229,0
8.549692514107981,1
8.546145555159878,1
8.545890346487688,0
8.544708661673045,1
8.543216836760848,0
8.534406879569957,0
8.532377473918308,0
8.52966934763357,1
8.528292137777413,0
8.52714249773106,0
8.526169869777789,0
8.524296362923824,0
8.523062078756436,0
8.522567732718088,0
8.520806572970303,0
8.519639042501984,0
8.518531795246274,0
8.515977267378878,0
8.512780908859234,1
8.509220048921595,0
8.506979070074129,0
8.501711439023032,1
8.490571562027739,0
8.4795927987054,0
8.473649322846748,1
8.473249064166925,1
8.470545998692103,0
8.469537299759363,0
8.468741062907595,1
8.468694414938106,1
8.466013448224412,0
8.46133087400179,0
8.460963963587503,0
8.458814661984784,0
8.45879698814859,1
8.45790103691031,0
8.447404488438133,1
8.445219158974174,0
8.437875983021623,0
8.436759028788977,0
8.433974835689948,0
8.43344310417292,1
8.433290823974154,1
8.430471661964157,1
8.42690635667539,0
8.423084471695775,1
8.41997068212899,0
8.41860665004133,1
8.41608681704654,1
8.410625565120462,0
8.410460642866257,0
8.40876623110244,0
8.398261060278296,0
8.397248095971374,0
8.394509584685622,0
8.394397411757225,0
8.390500571895505,1
8.389945658771296,0
8.388322494203614,0
8.384623151510734,0
8.384296439201583,0
8.38376169055724,0
8.379512703256566,1
8.378108022890373,1
8.376279724659616,0
8.373170925244922,0
8.37291028476714,1
8.370440489338627,1
8.370364964619357,1
8.369154353699956,0
8.360795827235105,0
8.35761299314161,1
8.35263517558002,1
8.3503510398453,0
8.347949482501885,0
8.339511610034751,0
8.339436756896689,0
8.337696200697742,0
8.332953484844603,0
8.331553235054374,0
8.330743318988178,0
8.326349854410445,0
8.323982150124747,1
8.322986672402298,1
8.316765884214679,0
8.316663722070082,1
8.31595907145097,0
8.315267620031083,1
8.313773604321764,0
8.312379503092345,0
8.311271181077604,1
8.310938776156911,0
8.310373671963342,1
8.31002902004885,0
8.309227709741469,1
8.307462969006558,0
8.305063984234739,0
8.3043346530985,1
8.303831038249468,0
8.303263800482528,0
8.297783199991656,1
8.297725877791718,0
8.296344055589273,0
8.293720110388866,0
8.291299005968142,1
8.289857906323226,1
8.289224270217973,0
8.288765459923367,0
8.285395274908012,0
8.2850715273713,1
8.28112065517672,0
8.278752740755206,0
8.277058197816894,1
8.275795629701165,1
8.274069058697867,0
8.273643584335904,0
8.27205509125987,0
8.269944709732332,0
8.26830759203937,0
8.264090516352203,1
8.261405952114934,0
8.257596524670312,1
8.251217779681046,1
8.250830009047863,1
8.24955050895133,1
8.248703054410829,0
8.247958056143684,1
8.247148271309296,0
8.246919870565435,1
8.246369053777844,0
8.24518659646861,0
8.24309098646176,0
8.242558635342093,1
8.240945815161524,0
8.238996596889073,1
8.238878989445276,0
8.237142633897012,0
8.237091873714283,0
8.228563824612493,0
8.227083130096286,1
8.22680803429499,1
8.218171065854822,0
8.215123506909467,1
8.214099764451955,0
8.210443565143713,1
8.210357972710824,0
8.207458912656827,0
8.206499937809191,0
8.205550719357213,1
8.205541814653984,0
8.205447052623702,0
8.197353369384867,1
8.195765359895596,1
8.19221015591042,0
8.18936335603807,0
8.189213850977879,1
8.185923417313038,1
8.184410006452293,0
8.182103306174486,1
8.180755325786324,0
8.179890443104444,0
8.177174973797975,1
8.176079615301635,0
8.174186267047556,1
8.174028130575552,0
8.170588044761532,0
8.167792632308252,0
8.16776766297284,1
8.165714932759002,1
8.164992426171885,1
8.163999617620284,1
8.16307638255827,0
8.163074030614228,0
8.159666704184943,0
8.157518082656166,0
8.154840855474227,0
8.154531511065274,1
8.153210075272153,0
8.151248961954652,1
8.151215310423664,0
8.149437297610588,1
8.146185794091142,0
8.145632374254966,0
8.143483376311869,0
8.142660400879283,1
8.142330913446468,0
8.141861116382476,0
8.141429899766313,1
8.1403444634267,1
8.137767883092494,1
8.137713063107284,1
8.136497868762607,0
8.132736965065675,0
8.131375233569006,0
8.129585513966727,0
8.129341720237186,1
8.128270069244824,1
8.127710424418524,0
8.12420782636168,0
8.121253675568507,0
8.11644657034648,0
8.116350275289646,1
8.115624506544236,0
8.114665425854785,0
8.111953170359271,1
8.111101031034266,1
8.108350799116819,0
8.107500138616412,0
8.107244312818498,1
8.107091815038052,0
8.099124189298397,0
8.097453770731768,1
8.091812332148193,0
8.085759800882219,0
8.082657125491437,0
8.082148076453887,1
8.08041524398239,0
8.07980835815327,0
8.077260885586492,1
8.076126298096359,1
8.075494507899103,1
8.07327895224373,1
8.07261240298569,0
8.070477126886109,0
8.069297892811402,1
8.065339036104211,1
8.064652809050983,1
8.064170137236562,0
8.062805643024472,1
8.06206612314847,1
8.060609623630814,0
8.058135996612346,0
8.054893321996667,0
8.054885744073163,0
8.05304368223556,1
8.052893916459475,1
8.051022203026939,1
8.043889299098865,0
8.040392261051977,0
8.0401875566739,0
8.040144167343296,1
8.039696863248341,0
8.037761108429645,0
8.037430326921505,1
8.034011916654261,0
8.031055220266794,0
8.029181612754343,1
8.02830424150094,0
8.027247869950068,1
8.026773255939636,0
8.025220020635544,1
8.020869102871476,0
8.01883160724048,1
8.018771948965188,0
8.016418374611582,1
8.016279103360878,1
8.015780395152742,0
8.014183072060874,1
8.013516428610775,0
8.007541219554257,0
8.00637329840415,0
8.005016372063832,0
8.003031485090926,0
8.000775801322487,0
7.998090253941313,1
7.997175822735124,0
7.992749619333389,0
7.992320364236402,1
7.992026977293408,1
7.990658238533358,1
7.989376233974929,0
7.986398705504575,0
7.986018499069503,1
7.985406393829891,0
7.984710742242038,0
7.977635990880497,0
7.9769008736775735,1
7.97532990104869,0
7.974521648923869,0
7.974248428106492,0
7.974065001358431,0
7.973307535065096,1
7.971298747449369,0
7.96852586987492,1
7.9673448231111115,0
7.966856823982582,1
7.966762553436026,1
7.9653373053048,0
7.961721463165571,1
7.9589842918841835,1
7.958871446046477,1
7.95776834399615,0
7.957113516429416,0
7.955026340097655,0
7.95387811515525,0
7.952929115572246,1
7.951451170491509,1
7.950816583814905,0
7.949964794513219,1
7.948815718151566,0
7.9484883721691055,0
7.947485785725746,0
7.946767904206179,0
7.9459090689348315,0
7.945407486586083,0
7.9438824771547605,0
7.940713224453516,0
7.940646963676027,0
7.9373922001148784,0
7.935607325113079,1
7.933067691513921,1
7.928831288871604,0
7.927969552720631,1
7.920794564373236,0
7.9181833208614965,0
7.9181504708531385,0
7.9180870791782425,1
7.918039170296733,1
7.9176085954610205,1
7.917049443177883,0
7.916669698835311,1
7.912361028113824,0
7.910640914062313,0
7.904053370906855,0
7.899451562181437,1
7.899256515294086,0
7.896743922258235,1
7.895769121117427,1
7.895469245942458,0
7.895045662146321,0
7.8943227825227344,0
7.893818459458376,0
7.8933127111154295,1
7.893131972748397,0
7.890354273534902,1
7.890263352659877,0
7.8895793449559655,1
7.8890797349062165,0
7.888843574059525,0
7.888424514936055,1
7.88659122732868,1
7.885678999417978,0
7.884841993204571,0
7.88212394746559,0
7.880685942702883,1
7.879543234364988,0
7.876495131350931,0
7.875895135481787,0
7.874671357791283,1
7.873271692669199,0
7.8719614027508396,1
7.870853412371953,1
7.869781869538917,0
7.868147086463669,0
7.865756954092344,0
7.865094970430806,0
7.86464967253437,0
7.861177700998561,0
7.860106421505122,1
7.859489939100051,1
7.858662778844826,0
7.856471100461379,0
7.855906367971113,0
7.852206664016244,1
7.8519256917911475,1
7.846463340823771,1
7.846057926337261,0
7.845879929236758,1
7.842979001264934,1
7.8359069892020266,1
7.834319239941967,0
7.8339804823343595,0
7.833970823584208,1
7.833495881064739,0
7.83336100102891,1
7.831117736766918,0
7.83097634338162,0
7.8306075905686665,1
7.828740104752374,1
7.822491882508682,0
7.822257362901787,0
7.821970940156012,1
7.81965915392936,0
7.818274839301502,0
7.8179012805146595,0
7.815121777828159,0
7.8145243207535575,0
7.814250246965275,0
7.813067624946343,0
7.812804388310308,0
7.811512445222393,0
7.8101449331968364,0
7.80963189801941,0
7.8088560175574155,1
7.808641136495527,1
7.8080122115602775,1
7.806909023349841,1
7.804368873943725,1
7.803833220697706,0
7.802426084121588,1
7.800421288908953,1
7.7984536762012135,1
7.795957800597176,1
7.79555762878438,0
7.793914804354769,1
7.793833572993554,0
7.793039171409166,0
7.79278353049359,1
7.790874862321438,0
7.788054732605206,1
7.786734690190797,0
7.785106673059819,0
7.783305612895872,0
7.781663759793227,1
7.780868679242907,1
7.77766536646659,1
7.776044112626788,1
7.7753855932769635,0
7.775049500982394,0
7.774645242924598,0
7.774468468846811,1
7.7737581374530995,1
7.766186660186794,0
7.766114454212289,0
7.765635561977197,0
7.76414261000218,0
7.763415106574563,0
7.76202074451675,0
7.760189364703282,1
7.757269665668284,1
7.7569391834656045,0
7.756678950252448,0
7.755154226534814,0
7.754884394437196,1
7.75404435394794,0
7.753936117609168,1
7.752176212505221,0
7.74977378413344,1
7.748928548486438,0
7.748654706492547,1
7.746343115356286,1
7.745499128179053,1
7.744772552356141,0
7.744130993509203,1
7.744125219434779,1
7.744098531468294,0
7.741245058636744,1
7.740453870226316,0
7.740383939415849,1
7.739325711303171,0
7.736312841132024,1
7.735705021751655,0
7.734569203344947,0
7.732880077797702,1
7.732601708635223,0
7.731315009102499,0
7.727421140658746,1
7.726134807902507,0
7.7253329080747575,0
7.725192099493611,1
7.721078493617457,1
7.721032687967833,0
7.719000805137069,0
7.717076952182754,1
7.714312671631406,1
7.71408935995488,1
7.710959938844849,1
7.710137890814498,0
7.709617350900396,0
7.7091063598640455,0
7.70810998872957,1
7.705711006313976,0
7.704410252313842,0
7.703356821382107,0
7.70218309918713,1
7.701032797005616,1
7.70036230513608,0
7.695049437156064,1
7.694264581971543,1
7.693555234691673,0
7.6925235338551445,0
7.691486298425762,0
7.6893580036123765,0
7.68878591609137,1
7.685396843315841,0
7.683156515101875,0
7.682923444847809,1
7.682872498072526,0
7.682762474412737,0
7.679595096300121,1
7.679090583265879,0
7.6789668886832025,1
7.678945067219358,1
7.675913621057367,0
7.672909522943807,1
7.670505864185263,0
7.669012536518329,1
7.667520860166849,0
7.665187780430904,0
7.664793523351656,1
7.664628096551665,0
7.657991236998258,1
7.657541728081206,1
7.6512942259202,0
7.650683237261012,1
7.648877927703538,0
7.647871554133575,1
7.643578361999963,0
7.638761770450097,0
7.636454091471839,0
7.63526469216248,1
7.633570087677555,0
7.628552723143854,1
7.623499920279238,1
7.619845076953617,0
7.618119571705241,1
7.617524134239115,0
7.61715192193207,1
7.617148870829691,0
7.617033493510344,1
7.617014108815567,1
7.615556979306126,0
7.61487763929876,1
7.614056816681071,0
7.612516822631869,1
7.611982388879645,0
7.611609817181437,0
7.61067277645396,1
7.610509210594297,0
7.60952119012474,0
7.608750191252161,1
7.607223911235492,1
7.606880475374772,1
7.606066882417412,0
7.605978830252509,0
7.605674820650833,1
7.603775446495936,1
7.6021214747799855,0
7.595669983691271,0
7.5952287240491225,0
7.593176933452913,0
7.593127650277594,0
7.592672300075482,0
7.591346093540146,1
7.591089848316611,1
7.586235787902423,0
7.5837702990430875,0
7.582941676733986,1
7.581944679656733,1
7.58168757744945,0
7.58004880807379,1
7.578014307935787,0
7.575757883896304,0
7.5742612367877715,0
7.573905933368074,0
7.571684493181063,1
7.566517124512967,0
7.565198073160248,1
7.561832947775752,0
7.560392022830322,1
7.559852309769317,1
7.558076302469553,0
7.557963629790507,1
7.555822759422741,1
7.553844615241808,1
7.54434011403763,0
7.5443056356166185,1
7.543931304508226,1
7.54370046605691,1
7.542300167142759,1
7.539881892843843,0
7.539742094671527,0
7.539337775748651,0
7.53928739507425,1
7.535700190571214,1
7.533614822992929,0
7.53205857980722,0
7.529929502630923,0
7.528980405257183,0
7.526680395036496,1
7.521920636411117,0
7.521051678672175,0
7.520518926663479,0
7.519227463461571,1
7.51483566596394,0
7.512361216121821,1
7.511816641411975,1
7.510943342127445,0
7.509350205118649,0
7.50757529645138,0
7.506111456769499,0
7.503085765108365,1
7.499844501955668,1
7.4998442319528795,0
7.498372459046129,1
7.497987814888167,1
7.496990927216014,1
7.496510679592297,0
7.49623220797336,0
7.4943911014551485,1
7.494212046966072,0
7.493843860854462,1
7.493290815928302,1
7.490807653925485,1
7.490786675734917,1
7.488133464330415,0
7.487573363881187,1
7.486780879606536,0
7.486779708528253,0
7.484254837727466,0
7.48279127635069,0
7.481535362094441,1
7.481397771916631,1
7.480728113602178,0
7.476689511613987,1
7.476408459668984,0
7.4755369016992885,0
7.473235376592182,0
7.471026670171208,1
7.4686170188765795,0
7.46655835764527,1
7.466213132452259,0
7.464485186199689,1
7.463915951229467,1
7.4607272201980726,0
7.460147818172523,0
7.459144859485703,0
7.459124173217744,1
7.4587076827919985,0
7.457979826928165,1
7.4571647584143115,0
7.456250785416918,0
7.455541163214249,0
7.4518887792117585,0
7.449659685994515,1
7.446225785014987,1
7.446089059117263,0
7.445189293060908,0
7.44518902590451,1
7.444914014951037,1
7.444165851996699,1
7.443189014292676,1
7.442536475327727,1
7.442023084023342,1
7.440825031061319,0
7.43721665310552,0
7.4367826093455385,0
7.436537226981672,0
7.426274011029841,0
7.425102223222055,1
7.423586011645774,1
7.423088086315854,1
7.422225264350398,1
7.4219976442518645,0
7.420640789488351,1
7.417823926645138,0
7.417570368300503,0
7.417502636689077,1
7.414148196336244,0
7.4132883405347805,0
7.408985466924612,0
7.402653150168774,1
7.40023858050054,0
7.399811393921775,0
7.399724707648925,0
7.397650662541773,1
7.397562417753871,0
7.397544009543939,0
7.397413298543417,0
7.395450846886257,1
7.394255556132569,0
7.393977956767953,0
7.393110152584626,1
7.392084037518904,0
7.390896678654897,0
7.388518502791958,0
7.388292038904119,0
7.387433763492869,0
7.386837696427604,0
7.386581819694894,1
7.384048887654537,0
7.381757557406792,1
7.381108533992378,0
7.380104834625337,0
7.37859701625866,1
7.377036503769029,0
7.3764491048464,1
7.376161138266742,1
7.3753376198926395,0
7.374775413656679,1
7.372611795824961,1
7.371914155906743,1
7.3712898766050605,0
7.371085073209565,0
7.371050302429531,0
7.3699886207415926,1
7.369911642352921,0
7.3690871386546375,1
7.368768530294821,1
7.368165576531881,1
7.367371852627868,0
7.3669152841286385,0
7.36667198942732,1
7.362912867202151,1
7.362736501949787,0
7.362331186706085,0
7.361599831600276,1
7.360640105838258,0
7.3560567780554384,1
7.352146037579763,1
7.350378986684694,0
7.3496533769711,0
7.3489371420594365,0
7.348844511550613,0
7.3486112311822644,0
7.347030355621346,1
7.345138416508713,0
7.344975869046369,0
7.343031939773171,0
7.3422312494162645,1
7.341547112170922,0
7.3401708843321565,1
7.338826110612727,1
7.338107609571772,0
7.337924402194623,0
7.337399849697425,1
7.33347772602672,1
7.333003447205329,0
7.33210396318143,1
7.330196876767331,1
7.323545119666458,0
7.322828416616528,1
7.322502050459663,0
7.316804753880919,0
7.31344675557596,1
7.3121093037187945,0
7.310715695744376,1
7.309596473979961,0
7.30955640748172,0
7.308048848275572,0
7.303051906328316,0
7.301903491347546,0
7.301563449379409,0
7.301463637868686,0
7.301444654287731,1
7.300990131038159,1
7.296908882387336,1
7.296572875466082,1
7.296037733901175,1
7.295141331699135,1
7.2943644330256765,0
7.293929250131249,0
7.29214180515922,1
7.291957039597602,0
7.29188832527326,1
7.29008857213943,0
7.288736661267014,1
7.2881127068161735,1
7.287286375124328,0
7.286167388039818,0
7.285371191083492,0
7.283913577235948,0
7.280560356935292,1
7.278910903182803,1
7.277143966771516,0
7.276863125209032,1
7.275908773683996,1
7.274756854860161,0
7.274212566762742,1
7.274198050602535,1
7.273368228315567,1
7.272362197396377,0
7.269652252805362,1
7.266781485544794,1
7.266598792423617,0
7.26659453474728,0
7.264069096752565,1
7.263545070215379,1
7.2625346516330636,0
7.261550522070718,0
7.260904363269189,0
7.260319681766154,0
7.25793099486329,0
7.256015038533906,1
7.255798597493364,1
7.249257332525589,0
7.24899119805637,0
7.24770098178392,0
7.243482154402432,1
7.243409878975713,1
7.240739638887768,0
7.240351005742477,0
7.240271791102996,0
7.240194470415268,1
7.2394159210992495,0
7.233538435483265,0
7.230845306553176,0
7.226592711428238,1
7.226127199808895,0
7.222997560406464,1
7.221689439703995,1
7.220165553446549,0
7.217392780568977,0
7.213537481050567,0
7.213375388220339,1
7.210773702067905,1
7.207931097430971,0
7.207886781343905,1
7.207538608272426,0
7.205559174588729,0
7.2052182636461115,1
7.2034388489879815,1
7.202534415579847,1
7.201702374896836,1
7.197795991543301,0
7.191962028701999,0
7.191493718892235,0
7.1910248566863455,0
7.187765846234752,0
7.186931122348115,1
7.185276448818911,1
7.185167714343043,1
7.184973118804081,0
7.1846977625084145,1
7.183825723393187,0
7.183108734458526,0
7.1830959315085465,0
7.181448580829175,0
7.179864148534108,0
7.1761708700696385,1
7.174135162807995,1
7.172323075211824,0
7.171593554534841,1
7.171223722909929,0
7.169251038319984,1
7.16447829539951,1
7.163999222574383,0
7.161714892641493,0
7.16046723080874,0
7.159613911959985,1
7.159398310953257,0
7.159052990497457,1
7.157337864026239,0
7.15642449459831,1
7.15473588040487,1
7.150046115062049,1
7.149124567592087,0
7.148440931892334,0
7.146976296126542,1
7.146117224742147,0
7.14601971618829,1
7.145771545218821,0
7.143941990149046,0
7.1396712562776194,0
7.139428272590956,1
7.138586781331626,0
7.138374316854361,0
7.137428697435654,1
7.136102612573539,1
7.13122185859695,0
7.130099196200058,0
7.129424730462989,1
7.128062255250418,1
7.127711209793025,0
7.1252110755305536,1
7.122637439985312,0
7.121458434633312,0
7.119824384264552,0
7.118980168364626,1
7.117917746068107,0
7.1175786583500535,0
7.116132606475939,1
7.11589526567209,1
7.1143867193719466,0
7.110845138033223,1
7.108140711077948,1
7.104594898620113,0
7.1042952035253055,0
7.103348375140523,0
7.102446618231696,0
7.098245544161473,0
7.096098311427181,0
7.096047101005687,1
7.095569331079976,0
7.094830833998159,0
7.094802142633516,0
7.091885816966667,0
7.0891841872037595,1
7.0889406421502255,1
7.0882509764340735,0
7.086877325565761,0
7.0861684008433095,0
7.085095882764062,1
7.083779060507377,0
7.082300649174803,1
7.080445821121838,1
7.080193059013201,1
7.079303517779591,0
7.078659419377965,0
7.078361074110981,1
7.077874006530455,0
7.074251443801101,1
7.071314192217861,1
7.066141840325305,1
7.06478908142805,1
7.063646975622253,1
7.061845519716819,1
7.06183097218188,0
7.05994023445362,1
7.058866081279625,1
7.058182608235123,1
7.057552645613959,0
7.054266774415682,0
7.053116739303244,0
7.051785800016845,0
7.05139642582078,0
7.046548537016283,1
7.044375318734117,1
7.042793877475889,0
7.041665417411175,1
7.040394956072289,1
7.040244978430556,0
7.039094321089831,1
7.038347516788063,0
7.038092305552901,0
7.036752103833548,1
7.035036795196814,1
7.033945358536714,1
7.033495055020295,1
7.0328187262222395,0
7.0318391737084145,1
7.031684050645781,0
7.027296860302588,1
7.027185659271876,0
7.0258217707497685,1
7.025504334993,0
7.025456547708931,0
7.025305941689352,0
7.022952113429302,1
7.021617480943761,1
7.02129530579393,0
7.017295398626637,1
7.01683611325458,0
7.015332582746869,1
7.010243375540365,0
7.009601694292698,0
7.007974587155316,1
7.005230139691345,0
7.002479940695225,0
7.000523220722731,1
6.9997645107739865,1
6.994194675250799,0
6.991685152928785,1
6.990800830630459,1
6.990452676633395,1
6.989813770294979,0
6.98944217704844,0
6.988206154718959,0
6.987335278958937,1
6.98704150028991,0
6.985303737450439,1
6.985192202008131,1
6.984405530368805,1
6.983860438979463,1
6.983133113060967,0
6.980727163646463,0
6.980061938695879,0
6.978664262373817,0
6.978290867613598,0
6.977744099966936,0
6.977405633483939,0
6.977267851638903,1
6.975392341170819,0
6.975209177557351,1
6.971577181951132,0
6.970036693982143,0
6.96820896010586,0
6.968131312926198,0
6.9678613966386695,1
6.967696683162022,1
6.967270763874334,0
6.96694296188432,0
6.966835167879632,0
6.965279871760655,1
6.9642259425787305,1
6.964198299767605,0
6.9639793510478585,1
6.962993545041664,0
6.9623245949195365,1
6.961891686003921,0
6.960603501688507,1
6.958534137481001,0
6.957802749302861,0
6.957433637931853,1
6.9549072165208425,0
6.953864225511059,0
6.953371603389549,0
6.952511673596021,1
6.950786515485461,0
6.948265449383849,1
6.947915533873985,1
6.947028539657349,0
6.946717558359831,0
6.945224092344811,0
6.944868386836294,1
6.9417194379777,1
6.941278904431053,1
6.93781878337901,0
6.934503590060883,0
6.9343105827538345,0
6.93365391024419,1
6.932085030049922,1
6.931470426933321,0
6.931244178141836,0
6.930391469669391,0
6.930082548200621,0
6.923636014423605,1
6.92265237065665,0
6.922041828080885,0
6.921257043340869,1
6.920799599365547,0
6.9204487000696915,1
6.920388988495384,0
6.920342898512878,1
6.919726155212071,1
6.918062437943979,1
6.917920215961807,0
6.917858355091138,1
6.916825973221457,1
6.914868152466825,0
6.91260756198984,0
6.911698241358011,1
6.910765112184391,1
6.908853083313673,1
6.908272154356689,1
6.907379614971787,0
6.906992171811655,0
6.906574998425876,0
6.904536858235756,0
6.904121373223552,0
6.903816977786621,1
6.903074330528872,1
6.901863448736066,0
6.901710202557188,0
6.901111019881917,0
6.898932481849855,0
6.8983413301771686,0
6.898315040728939,0
6.89792271658945,1
6.897322141100197,0
6.894050878953207,0
6.891561654773667,0
6.891549222025178,0
6.890274539026094,0
6.888842932366855,1
6.888547603133792,1
6.887863943894864,0
6.887414371129534,1
6.886512603355119,1
6.884981084419804,1
6.883015402442057,0
6.879959452149452,1
6.879404957296282,1
6.877456932576713,0
6.87645104288265,1
6.875746152392153,1
6.871607245014967,0
6.869638941459091,1
6.867521704142662,0
6.867301321799131,0
6.867000691245711,0
6.8663565150600006,1
6.865568515027833,1
6.865125275334593,0
6.8649167394504005,1
6.86313624993993,0
6.862995092159006,1
6.862936025532809,0
6.859323725529028,1
6.857493757803479,1
6.854946858787279,0
6.8528990851413285,0
6.85144260294889,1
6.8506254182690025,1
6.8503020324159625,1
6.848805452540466,0
6.848331559049443,1
6.848329601322462,1
6.848033469174725,0
6.848000112594903,1
6.847863211692964,1
6.84605994179889,0
6.844350911056747,0
6.844141767435719,1
6.841221063159616,0
6.839415897979054,0
6.8388167067275365,0
6.836224938677605,0
6.836059947015487,0
6.834259889880556,1
6.8331110185961625,1
6.83221738756748,0
6.825647036962729,0
6.825467900630395,0
6.823930137037019,0
6.8236420060869065,1
6.817608380056349,1
6.816416925295727,1
6.8117022698952745,0
6.810466516571186,0
6.810344849129398,0
6.8096445151755205,1
6.804796145017353,1
6.800119090315878,1
6.799375518361883,1
6.798097459929966,0
6.795469009842269,1
6.793698634577208,0
6.79265509816682,1
6.792407468552389,1
6.792125450218405,0
6.791992649110415,1
6.791696906894755,0
6.791097166019485,0
6.790838199257259,1
6.789820821454213,1
6.788291583178551,1
6.785384060224329,1
6.784279329300363,0
6.784133023750861,0
6.7841161148075155,0
6.783888467541533,0
6.783023739620584,0
6.782868548051976,0
6.77977396685122,1
6.777506359435946,1
6.776879087805668,0
6.775631133267148,1
6.775582812405084,1
6.772156537729458,1
6.771050289732039,0
6.770926884040844,1
6.770095146347258,1
6.769834880813582,1
6.769769338622252,1
6.769572868656792,0
6.7680600489552045,0
6.767523658273503,1
6.762832521891738,0
6.761413709046804,1
6.760790523068997,0
6.7588516972065955,1
6.758656470581755,1
6.756659807295844,0
6.755669308054412,0
6.755145901551625,0
6.753128352860487,0
6.751698586301178,0
6.751668626808021,1
6.75076118602011,1
6.748811549804483,1
6.747415283032476,1
6.746934968256862,1
6.745306715080959,0
6.744799074889901,1
6.7440642612684085,0
6.742622398258796,1
6.741245820881107,0
6.739849727999298,0
6.7391576920220535,0
6.7370040722130575,1
6.733493842280846,0
6.733266882930834,1
6.732713713421406,0
6.731278124219917,0
6.730883601577178,0
6.730427772496591,1
6.729829903890115,0
6.729580190108561,0
6.729191489422883,1
6.728975147762138,1
6.728004385653386,0
6.727185265204605,1
6.724639342026933,0
6.718249444896243,1
6.715940563939271,1
6.71579947892659,1
6.715719087979793,0
6.714862378221963,0
6.714776879687881,1
6.711814601241559,0
6.710633528014908,0
6.709822000741922,0
6.709336439351165,0
6.7076855563827875,1
6.707108205835426,1
6.707016927616642,0
6.706695161498074,1
6.704791892183704,0
6.7046354257784735,1
6.704431913040398,0
6.703486853784561,0
6.702546553103828,1
6.702496216244025,0
6.701940911688224,1
6.698153869013519,1
6.692531669059861,1
6.687749780088492,0
6.684699736748975,0
6.683367696720804,1
6.682097358751442,1
6.681553567542745,0
6.676137319471859,1
6.6695323796655455,0
6.665774201161871,1
6.665495068276907,0
6.664934584402665,0
6.664003050003359,1
6.660461917426393,0
6.660212026118103,0
6.658833571629886,1
6.658741558086449,1
6.657793590506106,0
6.655605025818962,0
6.65364951527896,0
6.652824347726776,0
6.652488090855707,0
6.649705311159435,0
6.64884918609138,0
6.648793010019957,0
6.648005459996722,0
6.64646992248928,1
6.646067269769524,1
6.645657377741357,0
6.643935774662305,0
6.643734375617576,1
6.643158712135614,1
6.6430265381410845,0
6.642755695262761,1
6.642613909578337,0
6.641500687280974,0
6.641174116155328,1
6.640862809077265,1
6.638411449233408,1
6.635894308187562,1
6.6329902541703625,0
6.632205878654961,0
6.632031568588184,1
6.630363820304997,0
6.630251708982636,1
6.630122155828689,1
6.629993518356908,0
6.629985035787515,0
6.628427347390652,1
6.6282561973074925,0
6.6260121840753055,0
6.624943599869574,0
6.624806427804383,0
6.624572527652799,0
6.623613565745125,0
6.6227913564466245,1
6.622102936480842,0
6.61977546022829,0
6.618186566692918,1
6.618010905584669,1
6.617862257193747,1
6.616730690411597,0
6.616649174874958,1
6.615981651666498,0
6.615350134913252,1
6.613709117641848,0
6.6096803221946265,0
6.607503310701949,1
6.604007988638578,0
6.60364071679867,1
6.603416523303387,1
6.602539771517404,1
6.601407394510328,0
6.599593818953803,0
6.597292363153351,1
6.593764313289441,1
6.593174456619291,1
6.592442507785291,0
6.5892905009635125,1
6.588207965322447,0
6.588007289609895,0
6.587464616653873,0
6.5854502296739055,0
6.584839333204741,0
6.584813111444327,0
6.583064855827969,0
6.582764203677888,0
6.582499747201653,0
6.581878201548969,0
6.581082756075466,0
6.580043295312247,0
6.579969329401555,0
6.579184951031363,1
6.578998162273409,1
6.578680569429318,1
6.578083890884723,1
6.576845323081143,0
6.574083863949985,0
6.572656388857353,1
6.571099216507485,0
6.569053876389385,1
6.567759613267086,1
6.565633547125035,0
6.565319432045672,0
6.563356596837224,1
6.5596278852610475,0
6.559252620892982,1
6.555439264384325,0
6.552847474374976,1
6.552279123020959,0
6.550877192685638,1
6.549187601426585,1
6.549124998345768,1
6.548796520596996,0
6.5480205581308315,1
6.548017642485212,0
6.542281786808939,1
6.541007699013848,0
6.539546127935385,1
6.53936951037342,0
6.5391152614962955,1
6.538207172663557,1
6.538084087098238,0
6.532097273862361,0
6.530796123720997,0
6.529304448100373,0
6.528490775347884,1
6.528479452805517,0
6.527440589533234,0
6.519847784240155,0
6.514415093251676,0
6.513016585960504,0
6.512900833266178,1
6.512737123980129,1
6.512239644597469,0
6.511618075241813,0
6.510972334665771,0
6.5108556110746,1
6.509621638211163,1
6.506487766502467,0
6.505872509363588,1
6.505065806504937,1
6.504876222341177,1
6.504112779748324,1
6.503638200451563,0
6.499067997822331,0
6.495435285215991,0
6.493764174632957,0
6.492638846153852,0
6.492627157365379,0
6.492403121956253,0
6.490922996455369,0
6.490037174928902,0
6.48819323961521,0
6.486152659745713,1
6.483994507852924,0
6.481890279167193,0
6.47909256706823,0
6.476139840300842,0
6.475885398609551,0
6.472371049680761,1
6.470151959152821,0
6.467868301691497,0
6.466874708929867,0
6.46509352906692,0
6.460033522100627,1
6.4570975247378914,0
6.455004797496717,0
6.453605209394529,0
6.453064802576986,0
6.452780750232393,0
6.451503543212321,1
6.450805742930156,1
6.450644925327291,0
6.4493794387538665,0
6.44923665656657,0
6.449070008905474,0
6.448971089901665,0
6.448931033409073,1
6.448191031909269,0
6.446252031563202,1
6.444555170207262,1
6.4437536684450585,1
6.442496436487848,1
6.441766486400109,0
6.438421803670398,1
6.436444496090232,1
6.435722716949114,1
6.433726195268951,0
6.433722352782365,1
6.430254785956541,0
6.428866313188399,1
6.427720560503044,1
6.427512442841498,0
6.42736514447551,0
6.425873866275697,1
6.42064020641154,1
6.419772473512519,0
6.4182030571970845,1
6.417716046874316,1
6.417702476103476,1
6.415108471708082,1
6.412707041754053,0
6.411525835916651,0
6.4079633358080486,1
6.406797812679788,0
6.405392481776244,1
6.400256164229511,0
6.39908051004593,0
6.397905013801276,1
6.396569931080612,0
6.396341051039925,0
6.395359131671062,0
6.394980461331702,0
6.394548022914309,1
6.3932313449189255,1
6.392927840114371,1
6.3927604591581995,0
6.391353623832183,0
6.385470897689489,0
6.3848240094579065,0
6.38231460426029,1
6.381978996412815,0
6.381977105096429,0
6.381719579700289,0
6.380717315013499,0
6.376950463991447,0
6.376576427120522,0
6.376408434486552,1
6.373288071168332,1
6.369973529850304,0
6.369111631336883,0
6.367298530432279,0
6.365497241052185,1
6.364155674065816,0
6.363836377773103,0
6.361666802587903,0
6.360195819161054,1
6.3594313098556325,1
6.3571667199938755,0
6.35651106246199,0
6.35403811007823,1
6.353436843717337,1
6.35311030182946,0
6.352973105397818,0
6.351286549370794,1
6.350290472055328,1
6.347271760539316,0
6.347020017898686,1
6.344095425001865,0
6.342671183447911,0
6.341751223983171,1
6.340809022225877,0
6.340027628047595,0
6.339142826418309,1
6.336588682161135,1
6.336456502432508,1
6.3363427618897505,0
6.336267097401388,0
6.3356831419159105,1
6.334162775563274,1
6.333640046326739,1
6.332386866369147,1
6.330732765446402,0
6.328553081263288,1
6.323942072569584,1
6.32304031407478,0
6.32125931522299,0
6.320427822952782,1
6.32037528471829,0
6.3194315449597305,1
6.3175765536256385,0
6.316470521496127,0
6.314077469750392,0
6.3131147318719245,0
6.309891576180204,1
6.306864459373674,0
6.304971659666424,0
6.30476863013428,1
6.300755509276121,0
6.30000176658891,1
6.297845634002767,0
6.286806948436977,1
6.284984822452388,0
6.2843857911113785,1
6.284248242254425,0
6.283678794634559,0
6.283318586962638,1
6.283103588064353,1
6.2819039290788155,1
6.280978206755163,1
6.280905112787962,0
6.2798421834965135,0
6.277742483390635,1
6.277463093365682,1
6.2772773712744385,0
6.276956510097866,0
6.276294989981585,0
6.273805781551276,0
6.272474990901286,1
6.271012171064563,0
6.268953336634952,0
6.268402755741024,0
6.266799947990716,1
6.266378409594093,1
6.265637343836686,0
6.262907281727785,0
6.262798867453871,0
6.261110580253398,0
6.260891633792807,0
6.260111289935809,1
6.259651602740059,1
6.259267532952487,1
6.2570857911396685,0
6.256651147926919,0
6.255149748918091,0
6.255070000817667,0
6.2528102107865005,1
6.252410004649734,0
6.246264053794833,1
6.246117565172954,0
6.243279004222159,0
6.242414484103846,0
6.238053654469459,0
6.2341976724749335,0
6.232010556459672,1
6.2278419215981105,0
6.227826794815905,1
6.225152012969118,0
6.223677774999095,0
6.21758491448443,1
6.217579612346267,0
6.21727313516034,0
6.217255306949025,0
6.2106476062546205,0
6.209697436775356,0
6.209642259708484,0
6.208015539719022,0
6.207432967614718,0
6.204429354069558,0
6.2039777022783476,0
6.203572848208437,1
6.2033225076896565,0
6.1986503364476775,1
6.195254905476403,0
6.195086857984779,1
6.193170101205059,1
6.19124144257447,1
6.189699260391608,1
6.187938053993094,0
6.18595116263375,0
6.1859248920520455,1
6.1798098000471855,0
6.179312077651539,1
6.175164949384786,0
6.174884306431656,0
6.174750579100353,1
6.172517370068869,0
6.170526139416932,1
6.168838539281275,0
6.1663482229269535,1
6.1649272929056105,1
6.164480227353412,1
6.164449535585496,0
6.1635190153593635,1
6.161779499462049,1
6.158424006182359,0
6.1574431448430325,0
6.15573862424869,0
6.155249161058691,0
6.153495923977116,0
6.153368956728868,0
6.152857802124513,0
6.150595718406801,1
6.150553015211817,0
6.150487600902442,1
6.150034400886871,1
6.1491851735534615,1
6.145242939675406,0
6.145148360574157,0
6.144759037662152,1
6.143921454143699,0
6.143018479793687,1
6.140877556947864,0
6.139743031734375,0
6.139493740895693,1
6.138785151951198,0
6.136907177131185,0
6.129637014813746,0
6.129069622155112,1
6.128425635295917,0
6.125810325429851,1
6.124847329190028,0
6.124672270969831,0
6.12319393539216,0
6.116023979953149,1
6.1156375458102,0
6.115180039114616,0
6.114332051439626,1
6.110545160785598,0
6.110022205951552,1
6.109073311509666,0
6.1067596362891035,0
6.1051401350435555,1
6.104925813644357,0
6.103731304612343,1
6.1025333060713525,0
6.10230679390867,1
6.101955230748901,1
6.100245391093,1
6.099646705468387,0
6.09815652147278,0
6.0980120899463275,0
6.096179889884819,0
6.096128347500615,0
6.095511874689899,0
6.09309191422186,0
6.091382724208516,0
6.09001605715742,0
6.0894308462971924,0
6.088022489133808,0
6.087306100000082,0
6.084360116189226,1
6.081615358462056,0
6.080992868571669,1
6.078335836509272,0
6.073684981465111,1
6.071838864034008,1
6.071183421975166,0
6.070090952233811,0
6.069615757057698,1
6.069363893970801,0
6.063354789891076,0
6.062738419015513,0
6.057904774112318,0
6.057828113719532,0
6.057068041253538,0
6.056817844582385,0
6.054607180419152,0
6.047651488718149,0
6.04738085652663,0
6.044671753329083,1
6.044513029512341,0
6.043360083711829,1
6.043212070647804,0
6.040281662132799,0
6.039823242055416,0
6.0395677903077996,0
6.037428193759539,1
6.032188902899926,0
6.02834878509831,1
6.028101118266446,1
6.023022741325022,0
6.021265943377032,0
6.021051322822076,0
6.020995362815591,0
6.0206538413908515,0
6.019939994871649,1
6.0172609236891335,1
6.016889135653399,1
6.014539831399093,0
6.013160966461117,0
6.010617576533585,1
6.008973609999536,1
6.006769481080511,0
6.002414611941971,1
6.001382440647675,0
6.000723335995511,1
5.999125177726393,0
5.991371081542708,1
5.991283475366895,1
5.986593892372897,0
5.98501245091746,1
5.984941214650305,0
5.9837312940398855,0
5.980357226763917,0
5.976769618087598,0
5.9745832484802675,1
5.973951249276727,0
5.972599968396598,0
5.970578907790694,0
5.970035656942926,0
5.9672742278667465,0
5.966000488790355,1
5.964065359871277,0
5.963479205038237,0
5.96130157218858,0
5.953981878134785,0
5.953923889741049,1
5.952267969284858,0
5.94951876406115,0
5.946160789485686,0
5.945988643250958,1
5.941942536401314,1
5.941265555962168,0
5.940475876449588,1
5.938321178779362,1
5.93605710996818,1
5.934279093094346,1
5.928767339528974,1
5.924799469006341,1
5.924540482437398,0
5.923739954690041,0
5.923441414571481,0
5.921247069476017,0
5.918953546438134,0
5.916930488243061,1
5.915944299587397,0
5.915806749510903,0
5.913956687853429,1
5.913755319868532,1
5.913374863624714,0
5.913132932597382,1
5.91053973772753,1
5.9102517293372046,1
5.90707826866672,0
5.906441764582054,0
5.90590695420357,1
5.903993500851966,0
5.903465715091598,0
5.899936566709943,0
5.898726324805972,1
5.897391120843136,0
5.896432475240334,1
5.896339345911832,0
5.895948983187193,1
5.895145558138062,0
5.893103407526232,1
5.89241318577243,1
5.890870358820865,0
5.877974040440475,0
5.873675845828995,1
5.873157137066786,0
5.8724398594676614,0
5.870615501212626,0
5.869736755337525,0
5.866702734137305,0
5.866250667826014,0
5.862641232845869,1
5.860574154812488,1
5.859822103560279,1
5.859690474378696,0
5.853560600803125,0
5.849778285365157,0
5.848667070247964,0
5.846786697496672,1
5.844673795577308,1
5.842933080915621,0
5.8427546011896965,1
5.842359064086903,1
5.841118839551023,0
5.8408115544650085,0
5.83610452509449,1
5.830542048973098,0
5.827541211542772,1
5.8217069136202575,0
5.821261629656031,0
5.81456423425241,0
5.813546487993315,0
5.810742057236217,1
5.808975519906834,1
5.808238633928169,0
5.803496975764156,1
5.801571267427695,0
5.8000341769897075,1
5.796236902009642,1
5.791154373453377,0
5.782079033854955,1
5.779673705175217,0
5.7753308887641,0
5.772769697849313,1
5.772718094851822,1
5.772197393568782,0
5.771199049813688,0
5.770620969105658,0
5.768868031092238,1
5.767349596865663,1
5.766204133561628,0
5.7637728070588325,1
5.76255224970805,0
5.757088957380868,1
5.7564756894907045,1
5.7542129677350875,0
5.746529194455349,0
5.744504157048756,1
5.744067537432683,0
5.742533062882013,0
5.742110407437118,0
5.7398163326022,0
5.736675708942604,1
5.735723554720852,0
5.735358658660184,0
5.7310421388707296,1
5.729689120388078,1
5.72930291193782,1
5.728823779303805,1
5.726336215779158,0
5.720136479125319,0
5.716755666530133,0
5.71625135415621,1
5.713322920959069,1
5.711212506317297,1
5.7085174353319905,0
5.706130889124347,0
5.704764776213017,0
5.702925976824722,0
5.7011546449116155,0
5.701100970110508,0
5.700784947291592,0
5.699873488404511,1
5.694694238027413,1
5.69447554633745,0
5.692124156757815,0
5.690387424364925,0
5.68955434379971,0
5.689142987663644,0
5.685216462878775,1
5.681810748088655,0
5.67933046540694,0
5.6792341150880805,0
5.6782209670592145,1
5.675294715190149,1
5.671773833095615,1
5.6717623259348064,0
5.6698187738947805,0
5.669699209078309,0
5.669689566349437,0
5.667650646643197,1
5.6664461454272965,1
5.665266376618309,0
5.664845758430077,0
5.660736311071097,0
5.655117422470192,0
5.654118943459351,1
5.653506134793232,0
5.652501287341676,1
5.651933841463073,0
5.648628537607859,0
5.646083311861947,1
5.636923560026004,1
5.632731646664602,1
5.632040991917971,0
5.628406919430697,1
5.628313271623295,1
5.626339528125955,1
5.624819996402396,1
5.622807134660068,0
5.621227320090063,0
5.620533436430034,0
5.618064405909149,0
5.613562647017462,0
5.6092353589411585,1
5.609025353745414,1
5.608745231813571,0
5.608623152458352,1
5.606856130577717,0
5.606315225526715,0
5.603325960876688,1
5.602158585181398,0
5.600876517470604,0
5.596929951315809,0
5.596729817575806,0
5.596627849736466,0
5.590614435866259,0
5.588537190733878,0
5.588129750721398,0
5.585116998353004,0
5.584124358081074,0
5.584086638456089,0
5.583832998476663,1
5.58246981997149,0
5.579517092707998,1
5.575920648115463,0
5.57475584790786,0
5.574116594512444,0
5.573201156513374,0
5.5710197113162625,0
5.566328462754787,1
5.564342490630351,1
5.555352972792188,0
5.554436511156818,0
5.548181849115771,0
5.548124946933236,0
5.5475762631029415,1
5.5419790193089264,1
5.53953369002387,1
5.530055021165576,1
5.527633482507711,0
5.5257685450431415,0
5.5242965308965095,0
5.519125656437607,0
5.517737316420501,0
5.514747799369536,0
5.5140621851991725,0
5.508155525691396,1
5.506061504313135,0
5.504452320660907,0
5.500276575154884,1
5.500186640904189,1
5.499787730339284,0
5.49948928649166,0
5.4985146932294855,1
5.497580321451809,0
5.49597599882932,1
5.495035446034119,0
5.492155982957838,0
5.489248054892975,0
5.488314309012512,0
5.4881354688390225,0
5.487876362610197,0
5.48605860232047,0
5.484151253504955,1
5.483974108801343,0
5.477912294546052,1
5.477283049476333,0
5.473603398247983,1
5.47098182179818,0
5.470802484400142,1
5.468360932331922,1
5.4674012550751785,0
5.462355934706153,1
5.4566808884538265,1
5.455599351643056,0
5.452214926167417,1
5.44532598066911,0
5.433466238973562,1
5.433242116512631,0
5.43251208523776,1
5.4293348423692915,1
5.428356913745278,0
5.42331849638569,0
5.422445767908819,1
5.420347746957928,1
5.418503763025523,1
5.412762497595831,0
5.412119544524241,1
5.404510674147487,0
5.4038836922267075,1
5.403196491704968,0
5.400700137691393,0
5.400301780729467,0
5.393345914423263,1
5.39205760659185,0
5.389845930491161,0
5.3866379619568105,0
5.386307352101625,0
5.382489039471649,1
5.381407519092974,0
5.376078292034362,1
5.375895978926893,0
5.374222584708865,1
5.369584180846635,0
5.368988344377341,0
5.3681257542274565,0
5.367546490440581,0
5.365192408000016,0
5.363362645369775,0
5.3612116660984634,1
5.352565979714757,1
5.349997296912594,0
5.348213658597068,0
5.345887146753815,0
5.34534537107888,0
5.344116870389696,1
5.343075102966485,0
5.33568880893353,1
5.334183579602803,1
5.331940479018537,0
5.331799285360081,0
5.329938815249272,0
5.3270235340963366,1
5.324941855611651,1
5.324641431045321,1
5.32381558430839,0
5.319769072934949,0
5.304142660215901,0
5.303764336866174,1
5.296578803810236,0
5.29419539028417,0
5.290666876847178,0
5.290004370919174,0
5.289618437232331,1
5.287982807934926,0
5.284810114998686,1
5.284096687429166,0
5.28029229639521,1
5.277875568290585,1
5.276323544024682,0
5.274185389589794,1
5.272227560197716,0
5.272156458908084,1
5.271971377729756,0
5.26428380172951,0
5.258414736632194,1
5.253907429487342,0
5.251353815475827,1
5.230453969096887,1
5.230003189525934,0
5.228506322285567,0
5.226941884272904,0
5.226895232238513,1
5.225683806899056,1
5.218989651481935,0
5.2140091940446665,0
5.204938762890717,1
5.202672012815987,0
5.198224971294214,0
5.198067642905195,0
5.1959206693648685,0
5.1918343271406275,1
5.18941366922152,0
5.188776875456335,1
5.187471605436375,0
5.174896031870469,0
5.1743459983462,0
5.1714340940560835,0
5.168340328145769,0
5.166225969826906,0
5.161878763351532,1
5.158722568170486,0
5.158396409506499,0
5.153488640267044,1
5.152739798697215,0
5.152203721876962,0
5.150456539630286,0
5.149133288190244,0
5.143587480040672,0
5.141506876714266,1
5.1408005276963324,1
5.1267629233515315,1
5.122648454950097,0
5.117913529014625,0
5.117390302624234,1
5.115817063771218,0
5.09993200503465,1
5.098967067721038,0
5.0977862263180995,0
5.095766464935885,0
5.0941643608551495,1
5.093675134769971,0
5.092757238606061,1
5.0900353321672975,0
5.089387791182689,1
5.088213197324547,0
5.085429352833509,1
5.082241431687362,0
5.0782741752214795,1
5.068795502073682,1
5.064042459574996,0
5.058108868565138,0
5.057736411358974,1
5.05727054567867,0
5.050748379982704,0
5.045625730051444,0
5.041405027891031,0
5.040331692395899,1
5.039673103915176,1
5.039406776379789,0
5.039373608702727,0
5.038316783143259,1
5.036453976008759,1
5.033773989751668,0
5.023380783822836,1
5.019984766789215,0
5.018132384268232,0
5.018045870383922,0
5.006562979263787,0
4.999413810796919,0
4.997770601283687,1
4.99353073414005,1
4.991396889652936,0
4.981672050401603,0
4.9794688114833265,1
4.965773559644967,0
4.964070341569739,0
4.961352728384606,0
4.959852811105887,1
4.951413520154646,1
4.945694700087746,1
4.943508443526886,0
4.941972156828116,1
4.933106138281651,0
4.931958445234491,1
4.923178856199699,1
4.922045466248699,0
4.921093903334441,1
4.91681922881674,0
4.916740541260801,0
4.912557262009445,1
4.909640554437281,0
4.909518983025118,1
4.9088997242616195,0
4.906491592988376,0
4.902158988606676,0
4.901906856012032,1
4.897691706502586,1
4.894278073597652,0
4.891960039961394,0
4.8863798036263955,1
4.886057056804735,0
4.884388228619609,0
4.881729593763433,1
4.872560878371032,1
4.86882713540531,1
4.865444268085012,1
4.865069696444607,1
4.85805560159329,0
4.857802623979042,1
4.855587760461034,1
4.851103882370328,0
4.850104171409935,0
4.83857110672314,0
4.835297728180936,0
4.825591458154621,1
4.815766790717072,1
4.814135620889671,0
4.812433652167467,1
4.8118324898032325,0
4.808039747375347,0
4.80115436807586,0
4.79746018165997,0
4.790840540243071,1
4.78886106249815,1
4.775983438506525,0
4.77522195583692,1
4.771490668948941,0
4.767472454756443,1
4.762828659328944,1
4.761105184627487,1
4.758648346768645,0
4.758439424671477,0
4.745764371481156,0
4.740056688020883,1
4.739548767002988,1
4.737391256802652,0
4.736404607451753,1
4.73132007599374,1
4.725997720598259,1
4.72578556493077,1
4.723312573250525,0
4.713116701054447,0
4.7091867471804845,0
4.7053564957747,0
4.704698461717015,1
4.704183667003456,0
4.700392723840931,0
4.6955161408056245,0
4.69219656349297,0
4.6914383151202195,0
4.681098760235678,0
4.668101687405915,1
4.666148130914806,1
4.66349219217203,0
4.642953052237968,1
4.638250258554134,1
4.633202516472866,0
4.624304290590603,0
4.618850846633238,0
4.616438934449231,0
4.5956077558097705,1
4.594209164354396,0
4.58196872788087,0
4.574124682109073,1
4.570854412606884,0
4.563370643484322,0
4.562156482672166,0
4.5609165358431625,0
4.556656719060655,0
4.552238410542729,0
4.533399113632135,1
4.497585145008658,0
4.495357678948128,0
4.489783796199172,0
4.487517479010939,0
4.4834027609353875,0
4.4770917139584885,0
4.473882085450574,0
4.443850856498079,0
4.443238899143103,0
4.439095783352975,1
4.430281211546542,0
4.4293787345323405,1
4.405327146952358,0
4.400509038627463,0
4.374877631689642,1
4.370476580258797,0
4.349439999351715,0
4.348674993039846,0
4.33711946912069,1
4.334057805514532,0
4.328282515586857,0
4.3194406725876835,0
4.317187353941982,0
4.3132191507406965,0
4.310701499826136,1
4.303574607482778,1
4.301373467127349,0
4.300029339574182,0
4.296247023728075,1
4.293961234794354,0
4.292966858149657,0
4.291687729728828,1
4.281522088672812,0
4.275159672976756,0
4.270716194733736,0
4.265269639731993,0
4.252985000876296,0
4.249890379403849,0
4.238282524808328,1
4.233558617035277,0
4.229224558864125,0
4.227537385918204,0
4.221420679849157,0
4.197583589415031,0
4.18749081481174,1
4.168248461367502,1
4.16111196816975,0
4.150214299745359,0
4.140077138692398,0
4.137044912614196,0
4.126581310415113,0
4.126528715100222,0
4.103867855230838,0
4.0914114501536405,0
4.083594880123227,1
4.077920470156396,1
4.07760772456597,0
4.059431468029172,0
4.037287739350788,1
4.03406341143777,1
4.032060533561112,0
4.031610444420666,0
4.029052709937867,0
4.016590232603383,0
4.004248332658408,0
3.994497605953491,1
3.98903207830178,0
3.9782846273167376,0
3.9757526579292986,1
3.9613890465892583,0
3.9401254598978195,1
3.9285564923233594,0
3.9234736330784012,0
3.90656751428705,0
3.9060783549561697,0
3.902475685915096,0
3.882631081313793,1
3.8788793890688,0
3.854617678402051,0
3.84681432776782,0
3.8464539500942267,0
3.841205038045167,0
3.832917408963562,0
3.800431282307122,1
3.7983910494247235,0
3.795132905042617,0
3.7921257317804002,1
3.7830436384114474,0
3.762097646306431,0
3.730128006866974,0
3.72250048593372,0
3.7197916443719246,0
3.717703934990307,0
3.71608007538699,0
3.7151713598846925,0
3.6919326929347136,0
3.681076270548827,1
3.6784318072076276,0
3.6768449933847727,0
3.664710561719395,0
3.657123132566738,1
3.641629777473381,0
3.637170625355805,1
3.6331628288625284,1
3.6299220648807125,1
3.6231658482586555,1
3.5908223640059966,0
3.551579176967154,1
3.514545528745279,0
3.4450618643852127,0
3.434855759978651,0
3.433874059145088,0
3.4264503676355647,1
3.4223941642163864,0
3.41035967073924,0
3.388090610523891,0
3.3445885334830234,0
3.3376289979634506,0
3.2728200975185464,0
3.2616697873910208,0
3.2309731059187423,0
3.1487122851761598,0
3.1020755653395566,0
2.9744294104785314,1
2.9454690611226875,0
2.9251743203391,0
2.803563057437167,0
2.798549098862777,1
2.690831240408815,0
2.612035914817261,0
2.5692435620279186,0
2.5581027992200664,0
2.5381157734813637,1
2.376768075959951,0
2.1285314339651724,0
13.999999999999998,0
13.541240236567981,0
13.349888560662293,0
13.175401724233025,1
12.246928068519757,0
11.907739829669831,0
11.89807802974039,1
11.62114013448698,0
11.568767965914164,0
11.563169064627825,0
11.53488049111763,0
11.496858885301972,0
11.496702452694173,0
11.491010908391427,1
11.449739296302305,0
11.39054310956363,0
11.301793996392291,1
11.26782838471403,0
11.24450714270002,1
11.235425957161038,0
11.219134743203494,0
11.180694664461903,0
11.180284470721592,0
11.069456289054557,0
11.027879862695201,0
10.94747263615245,0
10.933110723500878,0
10.905076410065519,1
10.893484732796878,0
10.887304994821243,0
10.851860346886728,0
10.848130421433211,0
10.81783107643296,0
10.811289500397242,0
10.808156938842764,1
10.774318090075074,1
10.761897799889315,1
10.695532491586295,0
10.68296642580598,0
10.678056255643256,0
10.667363934157889,1
10.632909606071516,0
10.628820911367818,0
10.600589992057158,0
10.581385987628257,0
10.577930500044534,0
10.560744636218196,0
10.55027327313621,1
10.53809844277246,1
10.524601982194515,0
10.509668629307154,0
10.504760200011273,0
10.503786538570878,1
10.490744032724809,1
10.486808416025617,1
10.485603647205735,1
10.464502477260321,0
10.433290982804381,0
10.41504401364904,1
10.391942387040755,0
10.386132934434618,0
10.378108203556572,0
10.356118827208377,1
10.351742528378832,0
10.337670863581334,0
10.33127327592513,0
10.316400384553162,0
10.308477656813704,0
10.301571270693753,0
10.289379606190511,0
10.284126084141581,0
10.282067974894762,0
10.272444272154384,1
10.26843050116335,1
10.268414718941344,1
10.252816232929478,1
10.252734368477768,0
10.227689694262509,0
10.223862164528773,0
10.209955798031316,0
10.202971547604776,0
10.201425755101072,0
10.200644508442188,0
10.199412694268364,0
10.19166523931888,0
10.188432654950683,0
10.16483855701825,0
10.164173337271418,0
10.15544017022192,0
10.154219072428933,0
10.14708957613564,0
10.146290479832489,0
10.13793228826111,1
10.111976704648654,0
10.086771239804932,0
10.067632997838075,0
10.059642098512771,0
10.04967371845643,1
10.041027974912506,1
10.033933455332264,0
10.026223807942117,1
10.026159156427404,0
10.015189062467666,1
10.003300539211928,1
1.9853833592630479,0
1.844538366498842,0
1.7570371154907827,1
1.4317815547427415,0
0.9899122128791387,1
0.975577989772022,0
0.22749905020219874,1
0.0,0
,1
,1
,1
,1
,1
,1
,1
,1
,1
,1
,1
,1
,1
,1
,1
,1
,1
,1
,1
,1
,1
,1
,1
,1
,1
,1
,1
,1
,1
,1
,1
,1
,1
,1
,1
,1
,1
,1
,1
,1
,1
,1
,1
,1
,1
,1
,1
,1
,1
,1
,1
,1
,1
,1
,1
,1
,1
,1
,1
,1
,1
,1
,1
,1
,1
,1
,1
,1
,1
,1
,1
,1
,1
,1
,1
,1
,1
,1
,1
,1
,1
,1
,1
,1
,1
,1
,1
,1
,1
,1
,1
,1
,1
,1
,1
,1
,1
,1
,1
,1
,1
,1
,1
,1
,1
,1
,1
,1
,1
,1
,1
,1
,1
,1
,1
,1
,1
,1
,1
,1
,1
,1
,1
,1
,1
,1
,1
,1
,1
,1
,1
,1
,1
,1
,1
,1
,1
,1
,1
,1
,1
,1
,1
,1
,1
,1
,1
,1
,1
,1
,1
,1
,1
,1
,1
,1
,1
,1
,1
,1
,1
,1
,1
,1
,1
,1
,1
,1
,1
,1
,1
,1
,1
,1
,1
,1
,1
,0
,0
,0
,0
,0
,0
,0
,0
,0
,0
,0
,0
,0
,0
,0
,0
,0
,0
,0
,0
,0
,0
,0
,0
,0
,0
,0
,0
,0
,0
,0
,0
,0
,0
,0
,0
,0
,0
,0
,0
,0
,0
,0
,0
,0
,0
,0
,0
,0
,0
,0
,0
,0
,0
,0
,0
,0
,0
,0
,0
,0
,0
,0
,0
,0
,0
,0
,0
,0
,0
,0
,0
,0
,0
,0
,0
,0
,0
,0
,0
,0
,0
,0
,0
,0
,0
,0
,0
,0
,0
,0
,0
,0
,0
,0
,0
,0
,0
,0
,0
,0
,0
,0
,0
,0
,0
,0
,0
,0
,0
,0
,0
,0
,0
,0
,0
,0
,0
,0
,0
,0
,0
,0
,0
,0
,0
,0
,0
,0
,0
,0
,0
,0
,0
,0
,0
,0
,0
,0
,0
,0
,0
,0
,0
,0
,0
,0
,0
,0
,0
,0
,0
,0
,0
,0
,0
,0
,0
,0
,0
,0
,0
,0
,0
,0
,0
,0
,0
,0
,0
,0
,0
,0
,0
,0
,0
,0
,0
,0
,0
,0
,0
,0
,0
,0
,0
,0
,0
,0
,0
,0
,0
,0
,0
,0
,0
,0
,0
,0
,0
,0
,0
,0
,0
,0
,0
,0
,0
,0
,0
,0
,0
,0
,0
,0
,0
,0
,0
,0
,0
,0
,0
,0
,0
,0
,0
,0
,0
,0
,0
,0
,0
,0
,0
,0
,0
,0
,0
,0
,0
,0
,0
,0
,0
,0
,0
,0
,0
,0
,0
,0
,0
,0
,0
,0
,0
,0
,0
,0
,0
,0
,0
,0
,0
,0
,0
,0
,0
,0
,0
,0
,0
,0
,0
,0
,0
,0
,0
,0
,0
,0
,0
,0
,0
,0
,0
,0
,0
,0
,0
,0
,0
,0
,0
,0
,0
,0
,0
,0
,0
,0
,0
,0
,0
,0
,0
,0
,0
,0
,0
,0
,0
,0
,0
